epoch=0/35, loss=1.2755221128463745, conf=1.0599637031555176, cls=0.21555843949317932
epoch=0/35, loss=0.8553821444511414, conf=0.6593010425567627, cls=0.19608110189437866
epoch=0/35, loss=0.8101274967193604, conf=0.6470609307289124, cls=0.1630665361881256
